1.3 060701|060702|060703|060705|060800|060900|061000|061100|061200|061300|061400|
0.9 060706
1 110101|110102|110103|110104|110105|080108
0.5 老年学校 141400|090300|080101|080102|080103|080104|080105|080106|080107|080108|080109|080110|080112|080113|080114|080115|080116|080117|080118|080119|140100|140200|140300|140400|140500|140600|140700|140800|160100|060400
0.8 050100|050200|050300|060300|060600
0.2 养老院|敬老院|老年公寓
0.75 150500|150600|150700
0.05 071100|080302|080501 儿童乐园
0.07 071400
0.08 080601|080111
0.4 090100|070400|070500|070600
0.6 141204|141203|141202|090601 社区文化活动
0.65 060200|060704
0.3 060100